   26   46
### |Q| (\AA!U-1!N)
   0.42545   0.50363   0.60342   0.70294   0.80205   0.90045   0.99612    1.0989
    1.1995    1.3001    1.4004    1.5004    1.6002    1.7002    1.8003    1.9004
    2.0005    2.1007    2.2009    2.2981    2.3975    2.4975    2.5975    2.6973
    2.7967    2.8740   0.00000
### E (meV)
  0.023924  0.093370   0.19524   0.29434   0.39868   0.50005   0.59847   0.70140
   0.80118   0.89798   0.99858    1.1023    1.2027    1.2999    1.3995    1.5014
    1.5997    1.6997    1.8011    1.8987    1.9971    2.1006    2.2040    2.3029
    2.4015    2.4996    2.6002    2.7029    2.8006    2.8994    3.0018    3.1013
    3.2004    3.3010    3.4001    3.4993    3.5999    3.7009    3.8013    3.9004
    4.0002    4.1008    4.2007    4.3007    4.4011    4.4752   0.00000
### Intensity (arb. unit)
      2.20   -0.0191     0.815     0.502     0.593     0.177      4.30      7.03
      4.21      1.24     0.191     0.318     0.312     0.379     0.248     0.453
     0.582     0.443     0.445     0.334     0.328     0.314     0.228    0.0865
     0.139    -0.196      1.73-1.00e+020-1.00e+020-1.00e+020-1.00e+020-1.00e+020
-1.00e+020-1.00e+020-1.00e+020-1.00e+020-1.00e+020-1.00e+020-1.00e+020-1.00e+020
-1.00e+020-1.00e+020-1.00e+020-1.00e+020-1.00e+020-1.00e+020
### Errors
      1.35     0.766     0.615     0.517     0.386     0.339     0.275     0.276
     0.247     0.189     0.136     0.120     0.124     0.111     0.112     0.110
     0.115     0.107     0.107     0.106     0.107     0.110     0.113     0.121
     0.145     0.213     0.728     0.000     0.000     0.000     0.000     0.000
     0.000     0.000     0.000     0.000     0.000     0.000     0.000     0.000
     0.000     0.000     0.000     0.000     0.000     0.000
### Intensity (arb. unit)
    0.0395     0.433     0.596     0.386    0.0168     0.154     0.741      3.54
      6.05      4.98      1.78     0.370     0.403     0.296     0.345     0.393
     0.504     0.576     0.577     0.522     0.454     0.394     0.491     0.210
     0.290     0.246     0.256     0.257     0.160     0.200     0.189     -1.05
-1.00e+020-1.00e+020-1.00e+020-1.00e+020-1.00e+020-1.00e+020-1.00e+020-1.00e+020
-1.00e+020-1.00e+020-1.00e+020-1.00e+020-1.00e+020-1.00e+020
### Errors
     0.776     0.428     0.327     0.282     0.231     0.211     0.153     0.158
     0.174     0.157     0.104    0.0821    0.0814    0.0790    0.0721    0.0762
    0.0791    0.0750    0.0756    0.0745    0.0716    0.0666    0.0684    0.0711
    0.0695    0.0730    0.0720    0.0853     0.107     0.132     0.184     0.853
     0.000     0.000     0.000     0.000     0.000     0.000     0.000     0.000
     0.000     0.000     0.000     0.000     0.000     0.000
### Intensity (arb. unit)
    -0.317    -0.448   -0.0822     0.350  -0.00521     0.219     0.247     0.585
      2.68      6.63      6.06      1.92     0.557     0.409     0.385     0.527
     0.507     0.596     0.759     0.662     0.651     0.677     0.605     0.408
     0.369     0.370     0.262     0.298     0.291     0.250     0.321     0.238
     0.208     0.228   -0.0576    0.0674-1.00e+020-1.00e+020-1.00e+020-1.00e+020
-1.00e+020-1.00e+020-1.00e+020-1.00e+020-1.00e+020-1.00e+020
### Errors
     0.699     0.382     0.246     0.204     0.205     0.207     0.148     0.119
     0.128     0.161     0.146     0.101    0.0786    0.0731    0.0692    0.0720
    0.0766    0.0721    0.0722    0.0740    0.0737    0.0697    0.0699    0.0701
    0.0705    0.0682    0.0672    0.0694    0.0698    0.0690    0.0711    0.0780
    0.0886     0.109     0.156     0.267     0.000     0.000     0.000     0.000
     0.000     0.000     0.000     0.000     0.000     0.000
### Intensity (arb. unit)
     0.945    -0.451    -0.342  0.000973    0.0635     0.126     0.256     0.191
     0.571      2.65      6.64      5.67      1.83     0.697     0.613     0.545
     0.635     0.765     0.984     0.907     0.755     0.845     0.776     0.753
     0.518     0.529     0.354     0.455     0.387     0.368     0.312     0.356
     0.316     0.287     0.200     0.287     0.282    0.0755     0.123    -0.139
-1.00e+020-1.00e+020-1.00e+020-1.00e+020-1.00e+020-1.00e+020
### Errors
     0.630     0.335     0.205     0.154     0.178     0.201     0.155     0.118
     0.101     0.118     0.147     0.136    0.0926    0.0796    0.0747    0.0738
    0.0760    0.0745    0.0787    0.0822    0.0782    0.0757    0.0770    0.0773
    0.0733    0.0738    0.0691    0.0694    0.0718    0.0697    0.0705    0.0736
    0.0733    0.0743    0.0743    0.0771    0.0866     0.104     0.148     0.283
     0.000     0.000     0.000     0.000     0.000     0.000
### Intensity (arb. unit)
     0.234     0.313    -0.129   -0.0565    0.0796   -0.0653    -0.271    0.0868
     0.341     0.813      3.92      6.90      4.19     0.994     0.663     0.488
     0.557     0.854     0.922     0.856     0.882     0.874     0.909     0.820
     0.797     0.559     0.754     0.568     0.464     0.542     0.451     0.491
     0.316     0.224     0.348     0.295     0.380     0.283     0.172    0.0976
     0.148     0.173     0.341    -0.331-1.00e+020-1.00e+020
### Errors
     0.557     0.297     0.172     0.123     0.161     0.192     0.162     0.122
    0.0982    0.0955     0.123     0.157     0.132    0.0854    0.0758    0.0753
    0.0803    0.0812    0.0858    0.0870    0.0821    0.0796    0.0803    0.0819
    0.0786    0.0766    0.0759    0.0749    0.0775    0.0778    0.0770    0.0799
    0.0785    0.0782    0.0814    0.0820    0.0829    0.0839    0.0831    0.0886
    0.0992     0.132     0.220     0.592     0.000     0.000
### Intensity (arb. unit)
    -0.258    -0.368    -0.674    0.0299     0.176   -0.0931    0.0226     0.189
     0.274     0.616      2.07      6.60      6.94      2.75     0.830     0.803
     0.737     0.758      1.31     0.894      1.01     0.926      1.11      1.03
      1.22      1.03     0.794     0.619     0.690     0.617     0.586     0.570
     0.473     0.443     0.383     0.394     0.368     0.275     0.440     0.295
     0.301     0.169     0.202     0.167     0.250     0.581
### Errors
     0.939     0.481     0.282     0.191     0.213     0.246     0.220     0.190
     0.146     0.136     0.140     0.201     0.208     0.148     0.110     0.107
     0.110     0.110     0.122     0.122     0.118     0.117     0.121     0.120
     0.124     0.121     0.114     0.116     0.112     0.108     0.105     0.103
     0.101    0.0984    0.0972    0.0940    0.0949    0.0909    0.0922    0.0945
    0.0964     0.102     0.110     0.121     0.145     0.256
### Intensity (arb. unit)
     0.214    -0.245    -0.450     0.382     0.332   -0.0660     0.161     0.612
     0.271     0.415      1.47      5.69      8.63      4.19      1.05     0.777
     0.768      1.09      1.37      1.27      1.20      1.15     0.940      1.31
      1.13      1.10     0.821      1.04     0.843     0.754     0.636     0.585
     0.680     0.763     0.453     0.372     0.337     0.474     0.336     0.274
     0.579     0.346     0.364    0.0592     0.435     0.386
### Errors
     0.878     0.443     0.274     0.199     0.191     0.226     0.220     0.185
     0.144     0.126     0.137     0.192     0.227     0.173     0.113     0.110
     0.106     0.113     0.117     0.121     0.121     0.112     0.116     0.129
     0.129     0.129     0.119     0.123     0.125     0.124     0.128     0.131
     0.131     0.129     0.136     0.138     0.141     0.143     0.146     0.135
     0.132     0.133     0.131     0.136     0.132     0.186
### Intensity (arb. unit)
     0.734    -0.257     0.164   -0.0259    -0.121  -0.00588    0.0532     0.291
     0.220     0.679      1.38      6.23      9.30      5.18      1.26     0.879
      1.05      1.38      1.47      1.38      1.54      1.22      1.22      1.10
      1.42      1.22      1.09      1.13     0.838     0.972     0.682     0.680
     0.853     0.695     0.636     0.583     0.750     0.488     0.459     0.230
     0.642     0.258     0.374    0.0898  -0.00836     0.665
### Errors
     0.804     0.450     0.243     0.134     0.152     0.184     0.187     0.182
     0.147     0.132     0.133     0.203     0.233     0.187     0.117     0.105
     0.117     0.121     0.128     0.126     0.123     0.115     0.124     0.123
     0.128     0.133     0.124     0.126     0.132     0.128     0.127     0.134
     0.134     0.132     0.141     0.141     0.146     0.151     0.156     0.164
     0.167     0.175     0.190     0.200     0.214     0.290
### Intensity (arb. unit)
    -0.326    -0.341   -0.0982     0.115     0.116     0.109     0.115     0.134
     0.273     0.820      1.64      6.84      10.6      4.93      1.12      1.26
      1.39      1.47      1.60      1.36      1.49      1.48      1.54      1.39
      1.27      1.32      1.11     0.910      1.01      1.03     0.934     0.830
     0.675     0.795     0.772     0.516     0.586     0.662     0.463     0.720
     0.563     0.412     0.304     0.271     0.678     0.405
### Errors
     0.839     0.414     0.233     0.115     0.120     0.153     0.162     0.152
     0.138     0.135     0.137     0.205     0.247     0.185     0.110     0.118
     0.125     0.120     0.120     0.125     0.126     0.121     0.124     0.127
     0.123     0.127     0.120     0.122     0.128     0.125     0.133     0.132
     0.132     0.137     0.145     0.147     0.154     0.150     0.158     0.165
     0.167     0.179     0.190     0.212     0.229     0.334
### Intensity (arb. unit)
      1.34   -0.0553   -0.0939     0.144  -0.00115     0.239     0.117     0.323
     0.897      1.11      3.30      10.7      11.1      3.88      1.41      1.39
      1.64      1.75      1.57      1.33      1.58      1.48      1.24      1.42
      1.44      1.27      1.19     0.966      1.13      1.03     0.985     0.915
      1.01     0.766     0.760     0.633     0.569     0.792     0.526     0.640
     0.539     0.554     0.273     0.593     0.299     0.427
### Errors
     0.806     0.449     0.227     0.109     0.120     0.147     0.153     0.150
     0.142     0.141     0.164     0.243     0.253     0.165     0.120     0.122
     0.123     0.125     0.127     0.120     0.124     0.122     0.125     0.133
     0.126     0.134     0.132     0.126     0.136     0.132     0.127     0.142
     0.144     0.152     0.148     0.145     0.151     0.159     0.170     0.169
     0.180     0.190     0.206     0.218     0.241     0.355
### Intensity (arb. unit)
     0.113    -0.257    -0.223    -0.123     0.143    0.0644     0.172     0.105
     0.902      1.83      7.95      14.9      9.47      2.62      1.71      1.63
      1.68      1.41      1.56      1.33      1.58      1.56      1.45      1.58
      1.44      1.57      1.37      1.23      1.07     0.947     0.962     0.835
     0.911     0.986     0.991     0.598     0.680     0.662     0.643     0.648
     0.452     0.620     0.407     0.468     0.480     0.273
### Errors
     0.851     0.424     0.235     0.104     0.128     0.155     0.151     0.164
     0.170     0.164     0.221     0.277     0.234     0.143     0.122     0.122
     0.133     0.117     0.121     0.124     0.127     0.125     0.125     0.130
     0.135     0.136     0.127     0.134     0.136     0.130     0.133     0.142
     0.140     0.141     0.145     0.150     0.156     0.159     0.168     0.178
     0.189     0.189     0.205     0.228     0.242     0.363
### Intensity (arb. unit)
     0.129     0.623    -0.167     0.175    0.0528     0.320     0.411     0.624
      1.73      7.17      16.5      15.6      5.24      2.06      1.84      1.89
      1.87      1.90      1.53      1.49      1.58      1.48      1.64      1.75
      1.54      1.35      1.27      1.44      1.18      1.21     0.887      1.07
     0.771     0.755     0.959     0.772     0.827     0.857     0.701     0.466
     0.326     0.273     0.392     0.550     0.431     0.444
### Errors
     0.821     0.418     0.221     0.111     0.122     0.158     0.155     0.185
     0.196     0.238     0.286     0.290     0.179     0.140     0.124     0.131
     0.130     0.127     0.123     0.126     0.125     0.121     0.128     0.138
     0.131     0.135     0.124     0.134     0.140     0.131     0.134     0.136
     0.138     0.143     0.147     0.147     0.148     0.156     0.163     0.170
     0.172     0.191     0.203     0.220     0.238     0.358
### Intensity (arb. unit)
      1.79    -0.328     0.361    0.0867     0.141     0.216     0.592      2.02
      7.30      19.9      22.0      8.99      2.52      1.88      2.02      1.78
      1.75      1.86      1.60      1.29      1.66      1.72      1.84      1.88
      1.59      1.36      1.48      1.42      1.10      1.12      1.17      1.01
      1.06     0.981     0.967     0.770     0.890     0.807     0.632     0.862
     0.605     0.609     0.627     0.987     0.416     0.454
### Errors
     0.807     0.410     0.215     0.106     0.122     0.161     0.159     0.194
     0.248     0.337     0.328     0.218     0.143     0.132     0.131     0.126
     0.126     0.125     0.119     0.123     0.122     0.123     0.130     0.129
     0.126     0.129     0.127     0.127     0.130     0.130     0.130     0.136
     0.136     0.137     0.144     0.143     0.150     0.160     0.163     0.169
     0.175     0.185     0.206     0.218     0.239     0.347
### Intensity (arb. unit)
    -0.135    -0.123   -0.0810     0.143     0.324     0.481      1.77      8.15
      25.1      29.3      14.6      3.33      2.15      1.79      1.96      1.78
      1.89      1.78      1.81      1.71      1.60      1.90      1.75      1.80
      1.85      1.61      1.48      1.34      1.27      1.15     0.764      1.13
      1.14      1.15     0.695     0.707     0.825     0.839     0.696     0.591
     0.791     0.598     0.671     0.669     0.673     0.401
### Errors
     0.798     0.403     0.209     0.102     0.117     0.157     0.174     0.243
     0.371     0.388     0.262     0.153     0.132     0.126     0.125     0.121
     0.128     0.123     0.122     0.125     0.126     0.127     0.128     0.131
     0.134     0.133     0.125     0.131     0.136     0.129     0.128     0.135
     0.136     0.139     0.146     0.151     0.155     0.157     0.162     0.171
     0.171     0.186     0.199     0.216     0.235     0.343
### Intensity (arb. unit)
     0.239     0.280     0.386     0.344     0.444      1.26      7.00      30.5
      40.3      22.9      4.85      2.32      1.90      1.75      1.82      1.85
      1.80      2.02      1.96      2.09      1.64      2.04      2.05      2.02
      1.84      1.70      1.53      1.47      1.45      1.32      1.21      1.28
     0.927      1.18     0.868     0.866     0.834     0.864     0.618     0.795
     0.494     0.676     0.628     0.915     0.422     0.236
### Errors
     0.695     0.372     0.200     0.101     0.119     0.157     0.219     0.387
     0.441     0.340     0.171     0.136     0.129     0.127     0.125     0.124
     0.126     0.125     0.128     0.135     0.124     0.125     0.129     0.135
     0.130     0.135     0.127     0.131     0.135     0.133     0.134     0.139
     0.139     0.142     0.146     0.146     0.151     0.152     0.157     0.162
     0.169     0.179     0.195     0.215     0.231     0.344
### Intensity (arb. unit)
     -1.47    -0.591     0.570     0.692      1.10      3.31      19.1      47.7
      42.6      14.8      3.50      2.34      2.02      1.75      1.88      2.04
      1.98      2.41      2.07      2.44      2.32      2.17      2.32      2.15
      2.16      2.03      1.69      1.49      1.52      1.56      1.45      1.19
      1.07     0.991     0.936     0.890     0.963     0.939      1.07     0.833
     0.822     0.807     0.503     0.696     0.316     0.710
### Errors
     0.758     0.382     0.199     0.107     0.118     0.172     0.301     0.464
     0.439     0.277     0.155     0.134     0.130     0.126     0.122     0.129
     0.129     0.130     0.131     0.137     0.134     0.130     0.134     0.135
     0.132     0.136     0.124     0.130     0.133     0.129     0.135     0.135
     0.134     0.137     0.142     0.143     0.143     0.152     0.160     0.167
     0.169     0.180     0.195     0.217     0.229     0.346
### Intensity (arb. unit)
    -0.994    -0.163     0.615     0.708      1.12      3.28      16.6      46.6
      51.9      23.4      5.28      2.52      1.78      2.08      2.00      2.46
      2.56      2.57      2.72      2.53      2.82      2.73      2.38      2.23
      2.20      2.13      1.72      1.67      1.43      1.44      1.25      1.35
      1.12      1.00      1.06     0.905     0.719      1.06     0.911     0.712
     0.898     0.672     0.910     0.421     0.881     0.231
### Errors
     0.735     0.370     0.196     0.106     0.113     0.163     0.277     0.453
     0.478     0.333     0.175     0.139     0.130     0.131     0.125     0.133
     0.136     0.132     0.138     0.138     0.138     0.134     0.130     0.134
     0.132     0.135     0.127     0.131     0.135     0.130     0.128     0.134
     0.132     0.132     0.139     0.142     0.146     0.152     0.157     0.164
     0.168     0.173     0.189     0.203     0.217     0.328
### Intensity (arb. unit)
     -1.06     0.545     0.752     0.496     0.987      1.15      4.36      19.7
      43.5      45.0      19.8      5.29      2.76      2.06      2.36      2.76
      3.08      3.06      3.16      3.22      3.31      3.07      2.94      2.56
      2.54      2.29      2.24      1.70      1.78      1.68      1.76      1.47
      1.38      1.29      1.20      1.11     0.927     0.884      1.13     0.919
     0.911      1.01     0.781     0.787     0.970     0.352
### Errors
     0.681     0.355     0.185     0.104     0.104     0.129     0.172     0.302
     0.434     0.442     0.289     0.171     0.143     0.132     0.129     0.137
     0.143     0.137     0.143     0.144     0.139     0.136     0.137     0.140
     0.137     0.137     0.132     0.127     0.133     0.131     0.132     0.136
     0.131     0.135     0.137     0.140     0.140     0.142     0.150     0.156
     0.159     0.174     0.188     0.208     0.222     0.324
### Intensity (arb. unit)
    0.0630    -0.188     0.184     0.274     0.474     0.513      1.06      2.76
      9.24      25.7      36.0      23.9      8.36      3.36      3.21      3.37
      3.69      3.78      4.24      4.38      4.57      4.38      3.85      3.48
      3.41      2.93      2.71      2.29      2.16      2.13      1.79      1.82
      1.55      1.59      1.51      1.12      1.24      1.23      1.04      1.01
      1.04      1.05     0.861     0.986     0.524      1.14
### Errors
     0.696     0.346     0.174    0.0955    0.0966     0.121     0.128     0.158
     0.219     0.335     0.370     0.313     0.203     0.149     0.140     0.143
     0.149     0.145     0.152     0.159     0.152     0.150     0.146     0.147
     0.145     0.141     0.135     0.133     0.135     0.130     0.126     0.129
     0.128     0.133     0.136     0.137     0.141     0.145     0.153     0.157
     0.161     0.172     0.190     0.205     0.215     0.316
### Intensity (arb. unit)
     0.358     0.221     0.103     0.112     0.308     0.144     0.499     0.664
      1.52      2.92      10.9      24.3      24.5      12.7      5.74      4.49
      4.58      4.68      4.82      5.28      5.48      5.82      5.44      5.12
      4.71      4.15      3.51      3.36      2.89      2.54      2.29      2.26
      1.87      1.85      1.57      1.69      1.31      1.45      1.31      1.16
      1.23      1.10     0.907      1.02      1.32     0.973
### Errors
     0.686     0.350     0.179    0.0933    0.0930     0.108     0.120     0.134
     0.144     0.172     0.230     0.309     0.311     0.235     0.167     0.155
     0.156     0.152     0.156     0.161     0.160     0.158     0.160     0.158
     0.151     0.148     0.138     0.140     0.138     0.132     0.130     0.136
     0.130     0.132     0.135     0.138     0.138     0.143     0.148     0.154
     0.158     0.166     0.173     0.200     0.256     0.475
### Intensity (arb. unit)
    -0.717     0.118    0.0328    0.0544     0.118     0.367     0.300     0.708
     0.776     0.876      1.60      5.05      14.1      17.2      11.0      6.16
      5.67      5.48      5.35      5.42      5.89      6.48      6.58      7.05
      6.56      5.94      5.03      4.51      3.86      3.39      3.05      2.87
      2.61      2.49      2.28      2.26      2.14      1.73      1.55      1.45
      1.27      1.13      1.23-1.00e+020-1.00e+020-1.00e+020
### Errors
     0.805     0.397     0.197     0.100    0.0982     0.118     0.116     0.128
     0.151     0.171     0.152     0.166     0.239     0.264     0.208     0.167
     0.163     0.153     0.156     0.158     0.161     0.161     0.165     0.172
     0.166     0.165     0.150     0.147     0.146     0.134     0.133     0.137
     0.134     0.134     0.137     0.137     0.137     0.137     0.138     0.158
     0.188     0.256     0.526     0.000     0.000     0.000
### Intensity (arb. unit)
    -0.518    -0.266     0.183    0.0798     0.181     0.282     0.197     0.156
     0.310     0.660     0.766      1.14      3.60      8.77      9.47      5.75
      4.59      4.74      4.59      4.18      4.72      5.28      5.96      6.50
      6.93      7.23      6.82      5.92      5.60      5.08      4.55      4.12
      3.53      3.34      3.07      2.49      2.13      1.97      1.74-1.00e+020
-1.00e+020-1.00e+020-1.00e+020-1.00e+020-1.00e+020-1.00e+020
### Errors
     0.932     0.483     0.241     0.113     0.109     0.125     0.123     0.137
     0.155     0.155     0.125     0.124     0.147     0.195     0.190     0.157
     0.146     0.142     0.144     0.143     0.141     0.144     0.153     0.159
     0.162     0.167     0.156     0.153     0.154     0.144     0.141     0.141
     0.134     0.133     0.137     0.151     0.180     0.239     0.500     0.000
     0.000     0.000     0.000     0.000     0.000     0.000
### Intensity (arb. unit)
      2.61     0.144     0.323     0.198     0.151     0.268    0.0332     0.448
     0.568     0.524     0.665     0.673      1.28      3.82      6.10      4.77
      3.14      2.99      3.09      3.12      3.39      3.33      3.97      4.84
      5.36      6.21      6.46      6.51      6.41      5.80      5.07      4.73
      4.21      3.43     -1.09-1.00e+020-1.00e+020-1.00e+020-1.00e+020-1.00e+020
-1.00e+020-1.00e+020-1.00e+020-1.00e+020-1.00e+020-1.00e+020
### Errors
      1.27     0.642     0.332     0.170     0.167     0.185     0.170     0.170
     0.171     0.155     0.131     0.122     0.122     0.142     0.155     0.143
     0.128     0.119     0.123     0.124     0.123     0.122     0.129     0.136
     0.141     0.151     0.145     0.148     0.149     0.145     0.156     0.183
     0.221     0.330      1.64     0.000     0.000     0.000     0.000     0.000
     0.000     0.000     0.000     0.000     0.000     0.000
### Intensity (arb. unit)
      42.3      16.3     -2.77    -0.346    0.0710    0.0777    0.0820     0.423
     0.495     0.530     0.359     0.540     0.756      1.82      3.86      3.89
      2.37      1.99      2.12      2.29      2.40      2.13      2.75      2.93
      3.59      4.26      5.09      5.11      4.67      1.82-1.00e+020-1.00e+020
-1.00e+020-1.00e+020-1.00e+020-1.00e+020-1.00e+020-1.00e+020-1.00e+020-1.00e+020
-1.00e+020-1.00e+020-1.00e+020-1.00e+020-1.00e+020-1.00e+020
### Errors
      5.93      2.97      1.32     0.273     0.183     0.150     0.137     0.150
     0.155     0.154     0.149     0.142     0.115     0.117     0.128     0.128
     0.113     0.104     0.107     0.109     0.106     0.101     0.107     0.112
     0.123     0.149     0.177     0.231     0.369      2.10     0.000     0.000
     0.000     0.000     0.000     0.000     0.000     0.000     0.000     0.000
     0.000     0.000     0.000     0.000     0.000     0.000
### Intensity (arb. unit)
      2.06    -0.553     0.348     0.138   0.00124    0.0951     0.369     0.115
     0.456     0.374     0.393     0.491     0.479      1.17      2.65      2.81
      2.01      1.60      1.43      1.44      1.29      1.81      1.73      1.01
-1.00e+020-1.00e+020-1.00e+020-1.00e+020-1.00e+020-1.00e+020-1.00e+020-1.00e+020
-1.00e+020-1.00e+020-1.00e+020-1.00e+020-1.00e+020-1.00e+020-1.00e+020-1.00e+020
-1.00e+020-1.00e+020-1.00e+020-1.00e+020-1.00e+020-1.00e+020
### Errors
      1.31     0.639     0.294     0.112     0.101     0.113     0.122     0.142
     0.152     0.194     0.208     0.155     0.103     0.102     0.107     0.108
    0.0984    0.0904    0.0940     0.108     0.117     0.144     0.199     0.489
     0.000     0.000     0.000     0.000     0.000     0.000     0.000     0.000
     0.000     0.000     0.000     0.000     0.000     0.000     0.000     0.000
     0.000     0.000     0.000     0.000     0.000     0.000
### Intensity (arb. unit)
      3.35    -0.403    -0.348     0.331     0.185    0.0239     0.186     0.497
     0.377     0.113     0.785    0.0479     0.650      1.02      1.98      1.94
      1.43     0.694-1.00e+020-1.00e+020-1.00e+020-1.00e+020-1.00e+020-1.00e+020
-1.00e+020-1.00e+020-1.00e+020-1.00e+020-1.00e+020-1.00e+020-1.00e+020-1.00e+020
-1.00e+020-1.00e+020-1.00e+020-1.00e+020-1.00e+020-1.00e+020-1.00e+020-1.00e+020
-1.00e+020-1.00e+020-1.00e+020-1.00e+020-1.00e+020-1.00e+020
### Errors
      1.84     0.892     0.402     0.151     0.128     0.156     0.167     0.191
     0.216     0.278     0.241     0.153     0.123     0.123     0.130     0.154
     0.195     0.369     0.000     0.000     0.000     0.000     0.000     0.000
     0.000     0.000     0.000     0.000     0.000     0.000     0.000     0.000
     0.000     0.000     0.000     0.000     0.000     0.000     0.000     0.000
     0.000     0.000     0.000     0.000     0.000     0.000
