   24   46
### Q (\AA!U-1!N)
   0.40000   0.60000   0.70000   0.80000   0.90000    1.0000    1.2000    1.3000
    1.4000    1.5000    1.6000    1.7000    1.8000    1.9000    2.0000    2.1000
    2.2000    2.3000    2.4000    2.5000    2.6000    2.7000    2.8000    2.9000
   0.00000
### E (meV)
  0.021548  0.096969   0.19932   0.30168   0.39865   0.50100   0.60336   0.70033
   0.79730   0.89965    1.0020    1.0990    1.2013    1.3037    1.4007    1.4976
    1.6000    1.7023    1.7993    1.8963    1.9986    2.1010    2.1980    2.3003
    2.4027    2.4996    2.5966    2.6990    2.8013    2.8983    3.0006    3.1030
    3.2000    3.2969    3.3993    3.5016    3.5986    3.7010    3.8033    3.9003
    3.9973    4.0996    4.2020    4.2989    4.4013    4.4767   0.00000
### Intensity (Intensity)
     0.124     0.175     0.371      1.42      6.26      28.9      122.      259.
      265.      132.      55.0      23.5      10.1      4.65      2.53      1.51
     0.872     0.634     0.509     0.372     0.301     0.271     0.224     0.205
     0.182     0.161     0.149     0.139     0.135     0.116     0.117     0.110
     0.103    0.0999    0.0987    0.0957    0.0829    0.0846    0.0808    0.0777
    0.0803    0.0753    0.0774    0.0720    0.0687    0.0755
### Errors
   0.00223   0.00197   0.00272   0.00562    0.0118    0.0240    0.0522    0.0759
    0.0767    0.0515    0.0350    0.0228    0.0142    0.0102   0.00749   0.00579
   0.00417   0.00375   0.00336   0.00287   0.00245   0.00245   0.00223   0.00203
   0.00201   0.00189   0.00182   0.00167   0.00173   0.00160   0.00153   0.00156
   0.00151   0.00149   0.00141   0.00146   0.00136   0.00130   0.00134   0.00131
   0.00134   0.00123   0.00131   0.00127   0.00117   0.00194
### Intensity (Intensity)
    0.0861     0.116     0.190     0.332     0.847      2.43      8.48      30.7
      94.9      214.      239.      187.      107.      66.1      44.6      31.7
      22.3      17.0      14.9      11.8      9.71      8.36      7.82      6.87
      6.17      5.87      5.25      5.04      4.64      4.28      3.74      3.51
      3.47      3.05      2.76      2.45      2.24      2.07      1.75      1.70
      1.40      1.30      1.18     0.919     0.814     0.866
### Errors
   0.00186   0.00161   0.00195   0.00272   0.00434   0.00698    0.0137    0.0261
    0.0459    0.0654    0.0728    0.0644    0.0463    0.0383    0.0315    0.0265
    0.0211    0.0194    0.0182    0.0162    0.0139    0.0136    0.0132    0.0117
    0.0117    0.0114    0.0108    0.0100    0.0102   0.00975   0.00864   0.00884
   0.00878   0.00823   0.00743   0.00738   0.00705   0.00644   0.00623   0.00614
   0.00558   0.00510   0.00512   0.00452   0.00403   0.00658
### Intensity (Intensity)
    0.0543    0.0772     0.120     0.208     0.411      1.01      2.58      8.43
      27.9      87.9      182.      231.      181.      137.      96.1      66.5
      45.6      36.0      32.5      28.4      23.0      22.6      20.4      20.1
      17.9      17.7      15.0      14.5      13.0      11.9      10.0      8.99
      8.28      8.01      7.07      6.11      5.31      5.10      4.22      3.63
      3.18      2.92      2.54      2.35      2.08      1.88
### Errors
   0.00147   0.00131   0.00155   0.00215   0.00302   0.00450   0.00758    0.0137
    0.0249    0.0419    0.0636    0.0717    0.0602    0.0552    0.0462    0.0384
    0.0302    0.0283    0.0269    0.0251    0.0214    0.0224    0.0213    0.0201
    0.0199    0.0198    0.0183    0.0170    0.0170    0.0163    0.0142    0.0141
    0.0136    0.0133    0.0119    0.0117    0.0109    0.0101   0.00969   0.00898
   0.00841   0.00765   0.00751   0.00722   0.00645   0.00968
### Intensity (Intensity)
    0.0359    0.0449    0.0715     0.120     0.192     0.442      1.10      2.82
      9.52      31.2      101.      190.      236.      204.      152.      97.6
      63.7      43.5      38.6      30.4      28.2      25.7      23.0      26.0
      25.4      26.5      25.9      24.6      24.8      20.9      21.1      19.4
      19.4      16.2      14.1      14.7      12.9      11.0      8.82      8.70
      6.85      6.08      5.24      4.86      4.11      4.30
### Errors
   0.00120  0.000998   0.00120   0.00163   0.00206   0.00297   0.00495   0.00792
    0.0145    0.0250    0.0473    0.0649    0.0686    0.0674    0.0582    0.0466
    0.0357    0.0311    0.0293    0.0260    0.0237    0.0239    0.0226    0.0228
    0.0238    0.0243    0.0240    0.0222    0.0235    0.0216    0.0205    0.0208
    0.0208    0.0190    0.0168    0.0181    0.0170    0.0148    0.0140    0.0139
    0.0123    0.0110    0.0108    0.0104   0.00907    0.0147
### Intensity (Intensity)
    0.0562    0.0717     0.111     0.187     0.323     0.648      1.55      4.10
      11.0      33.6      85.5      175.      232.      219.      173.      118.
      82.8      55.6      45.0      39.1      33.6      30.6      30.9      29.4
      31.3      31.5      32.5      31.5      32.6      31.2      30.6      29.7
      27.0      24.0      22.2      20.0      19.2      16.7      14.4      13.4
      11.4      9.94      9.18      7.58      6.46      5.91
### Errors
   0.00150   0.00126   0.00149   0.00204   0.00268   0.00360   0.00587   0.00954
    0.0156    0.0259    0.0436    0.0624    0.0681    0.0698    0.0621    0.0513
    0.0407    0.0351    0.0316    0.0295    0.0259    0.0261    0.0262    0.0243
    0.0264    0.0264    0.0269    0.0251    0.0269    0.0263    0.0247    0.0257
    0.0245    0.0231    0.0211    0.0211    0.0207    0.0183    0.0179    0.0172
    0.0159    0.0141    0.0143    0.0130    0.0114    0.0172
### Intensity (Intensity)
    0.0443    0.0562    0.0852     0.138     0.230     0.477      1.06      2.89
      8.50      27.0      78.4      176.      269.      268.      211.      137.
      95.6      59.8      48.7      37.7      32.5      29.1      28.9      28.1
      28.5      30.9      31.2      32.9      33.0      34.2      35.7      33.1
      34.4      32.2      30.9      28.4      26.6      25.7      21.6      19.3
      18.2      15.6      14.2      12.2      10.4      9.93
### Errors
   0.00133   0.00112   0.00131   0.00175   0.00226   0.00309   0.00486   0.00802
    0.0137    0.0232    0.0417    0.0625    0.0734    0.0772    0.0684    0.0553
    0.0437    0.0364    0.0329    0.0289    0.0255    0.0254    0.0254    0.0237
    0.0251    0.0262    0.0263    0.0256    0.0271    0.0275    0.0267    0.0271
    0.0276    0.0268    0.0249    0.0251    0.0243    0.0227    0.0219    0.0207
    0.0201    0.0177    0.0177    0.0165    0.0144    0.0223
### Intensity (Intensity)
    0.0651    0.0827     0.135     0.211     0.367     0.754      1.81      5.05
      14.5      43.6      115.      241.      358.      339.      242.      156.
      107.      67.1      53.1      42.0      34.7      33.4      35.0      29.5
      33.1      33.9      37.8      36.7      39.3      39.7      43.3      41.7
      44.2      41.1      38.7      37.8      39.6      37.4      32.5      28.7
      27.1      24.6      23.7      19.4      17.0      16.9
### Errors
   0.00161   0.00136   0.00164   0.00217   0.00286   0.00388   0.00635    0.0106
    0.0180    0.0295    0.0506    0.0731    0.0846    0.0867    0.0733    0.0588
    0.0462    0.0386    0.0343    0.0305    0.0264    0.0272    0.0279    0.0243
    0.0271    0.0274    0.0290    0.0271    0.0296    0.0297    0.0294    0.0304
    0.0314    0.0302    0.0278    0.0290    0.0297    0.0273    0.0269    0.0252
    0.0245    0.0222    0.0230    0.0208    0.0185    0.0291
### Intensity (Intensity)
    0.0990     0.126     0.197     0.331     0.574      1.26      3.25      9.11
      27.3      84.1      214.      383.      433.      361.      253.      158.
      106.      72.7      55.8      46.9      40.0      37.4      35.4      34.3
      36.5      37.5      38.8      41.3      42.3      42.7      46.3      44.2
      46.3      44.2      43.7      39.4      38.8      36.9      34.4      32.4
      30.3      27.8      25.7      23.0      20.9      20.3
### Errors
   0.00199   0.00167   0.00198   0.00271   0.00357   0.00502   0.00850    0.0142
    0.0246    0.0410    0.0689    0.0923    0.0930    0.0896    0.0750    0.0592
    0.0460    0.0402    0.0352    0.0323    0.0283    0.0288    0.0281    0.0262
    0.0285    0.0289    0.0293    0.0287    0.0307    0.0308    0.0304    0.0313
    0.0321    0.0313    0.0296    0.0296    0.0294    0.0272    0.0277    0.0268
    0.0259    0.0236    0.0239    0.0226    0.0205    0.0319
### Intensity (Intensity)
     0.156     0.205     0.338     0.574      1.07      2.51      7.57      21.4
      65.0      200.      431.      553.      489.      338.      238.      146.
      99.2      71.9      58.6      49.6      43.7      42.8      40.3      41.2
      42.8      43.8      45.2      46.3      45.6      47.5      46.6      48.4
      48.9      44.9      46.2      42.1      40.9      41.3      37.2      34.2
      31.3      29.6      28.3      24.6      22.8      22.3
### Errors
   0.00250   0.00213   0.00260   0.00357   0.00489   0.00708    0.0130    0.0218
    0.0380    0.0633    0.0979     0.111    0.0989    0.0867    0.0728    0.0569
    0.0445    0.0400    0.0361    0.0332    0.0296    0.0308    0.0299    0.0287
    0.0308    0.0312    0.0317    0.0304    0.0318    0.0325    0.0305    0.0328
    0.0330    0.0316    0.0304    0.0306    0.0302    0.0288    0.0288    0.0276
    0.0264    0.0243    0.0251    0.0234    0.0214    0.0334
### Intensity (Intensity)
     0.219     0.293     0.495     0.871      1.86      5.48      18.2      62.2
      205.      571.      857.      732.      455.      268.      170.      106.
      75.5      55.0      47.3      40.7      39.0      38.9      39.2      39.9
      40.1      43.5      45.4      47.0      46.9      48.8      49.9      50.3
      50.4      47.1      48.2      47.2      47.0      44.8      41.3      39.3
      35.6      35.1      32.5      28.2      26.9      24.4
### Errors
   0.00296   0.00255   0.00315   0.00440   0.00642    0.0105    0.0201    0.0372
    0.0675     0.107     0.138     0.128    0.0954    0.0772    0.0614    0.0485
    0.0389    0.0350    0.0324    0.0301    0.0279    0.0294    0.0295    0.0283
    0.0298    0.0311    0.0318    0.0307    0.0323    0.0329    0.0316    0.0334
    0.0335    0.0324    0.0310    0.0324    0.0323    0.0299    0.0303    0.0296
    0.0281    0.0265    0.0269    0.0250    0.0232    0.0349
### Intensity (Intensity)
     0.409     0.552     0.949      1.85      4.69      14.4      50.9      167.
      497.      937.      958.      666.      392.      241.      153.      108.
      78.0      61.9      54.5      50.1      47.7      47.4      46.3      45.7
      46.9      48.0      48.5      48.4      46.7      49.6      49.2      50.2
      50.8      45.8      46.4      43.9      40.7      39.7      38.3      37.2
      34.4      33.1      31.0      27.8      25.3      23.2
### Errors
   0.00405   0.00350   0.00436   0.00642    0.0102    0.0170    0.0336    0.0609
     0.105     0.137     0.146     0.122    0.0885    0.0732    0.0582    0.0489
    0.0395    0.0371    0.0348    0.0334    0.0309    0.0324    0.0321    0.0302
    0.0323    0.0327    0.0328    0.0311    0.0322    0.0332    0.0314    0.0334
    0.0336    0.0319    0.0305    0.0312    0.0301    0.0282    0.0292    0.0287
    0.0276    0.0257    0.0262    0.0248    0.0225    0.0340
### Intensity (Intensity)
      1.20      1.79      3.36      8.63      26.1      90.6      307.      860.
 1.33e+003 1.27e+003      808.      479.      287.      173.      135.      98.1
      77.0      68.4      61.0      57.6      51.9      51.6      46.3      51.3
      53.4      49.2      50.1      45.6      46.0      43.1      42.9      46.3
      43.7      40.0      40.3      39.8      37.5      37.2      34.2      33.7
      32.3      29.8      29.9      25.7      24.6      25.2
### Errors
   0.00693   0.00630   0.00820    0.0138    0.0241    0.0426    0.0826     0.138
     0.172     0.160     0.134     0.103    0.0757    0.0620    0.0549    0.0467
    0.0392    0.0390    0.0368    0.0358    0.0322    0.0339    0.0321    0.0320
    0.0345    0.0331    0.0334    0.0302    0.0320    0.0309    0.0293    0.0321
    0.0311    0.0298    0.0284    0.0298    0.0289    0.0273    0.0276    0.0274
    0.0268    0.0244    0.0258    0.0239    0.0222    0.0355
### Intensity (Intensity)
      1.54      2.27      4.54      12.1      39.2      143.      510. 1.31e+003
 1.75e+003 1.36e+003      802.      463.      256.      162.      118.      90.9
      73.1      64.4      57.5      56.7      49.9      49.4      49.0      46.6
      46.4      45.9      45.5      46.6      45.7      44.5      44.4      44.2
      43.6      41.8      41.5      39.5      39.3      37.3      36.7      34.3
      33.2      31.4      29.7      28.2      26.2      25.1
### Errors
   0.00786   0.00710   0.00953    0.0164    0.0295    0.0535     0.106     0.171
     0.197     0.165     0.134     0.101    0.0716    0.0600    0.0512    0.0449
    0.0382    0.0378    0.0358    0.0355    0.0316    0.0331    0.0330    0.0305
    0.0321    0.0319    0.0318    0.0305    0.0319    0.0314    0.0298    0.0313
    0.0311    0.0305    0.0288    0.0296    0.0296    0.0273    0.0286    0.0276
    0.0271    0.0250    0.0257    0.0250    0.0229    0.0354
### Intensity (Intensity)
      2.39      3.56      7.50      20.9      67.9      257.      848. 1.82e+003
 1.99e+003 1.44e+003      820.      478.      271.      181.      135.      105.
      82.1      76.4      69.9      62.8      58.6      55.1      52.9      51.2
      50.7      49.0      47.6      47.2      45.5      42.8      45.6      43.2
      43.7      40.2      41.4      40.1      38.0      37.8      34.1      33.6
      32.4      31.2      28.7      27.1      26.3      24.8
### Errors
   0.00977   0.00889    0.0123    0.0216    0.0389    0.0716     0.137     0.201
     0.210     0.170     0.135     0.103    0.0736    0.0634    0.0548    0.0484
    0.0405    0.0412    0.0394    0.0374    0.0342    0.0350    0.0343    0.0320
    0.0336    0.0330    0.0325    0.0307    0.0318    0.0308    0.0302    0.0310
    0.0311    0.0299    0.0288    0.0299    0.0291    0.0275    0.0275    0.0273
    0.0268    0.0250    0.0253    0.0245    0.0229    0.0352
### Intensity (Intensity)
      2.23      3.20      6.35      16.5      50.3      174.      592. 1.45e+003
 1.95e+003 1.69e+003 1.09e+003      681.      400.      259.      191.      142.
      115.      96.5      86.8      82.9      73.1      69.7      66.8      63.8
      59.8      58.7      55.6      54.8      52.1      49.5      49.7      46.9
      47.0      43.8      43.3      43.4      40.0      40.2      36.8      36.1
      34.3      32.2      31.2      29.6      27.4      25.8
### Errors
   0.00945   0.00844    0.0113    0.0191    0.0334    0.0590     0.115     0.180
     0.208     0.184     0.155     0.123    0.0895    0.0759    0.0652    0.0562
    0.0479    0.0463    0.0439    0.0429    0.0382    0.0393    0.0385    0.0357
    0.0365    0.0361    0.0351    0.0331    0.0340    0.0332    0.0315    0.0323
    0.0323    0.0312    0.0294    0.0310    0.0298    0.0283    0.0286    0.0283
    0.0276    0.0254    0.0263    0.0256    0.0234    0.0360
### Intensity (Intensity)
      1.09      1.45      2.40      4.32      10.3      28.5      89.6      254.
      663. 1.26e+003 1.44e+003 1.21e+003      882.      601.      444.      330.
      239.      192.      167.      149.      136.      125.      116.      109.
      105.      107.      98.5      89.8      84.0      82.5      76.5      72.5
      71.4      63.3      59.7      57.7      53.9      49.3      49.3      45.0
      42.2      39.8      35.9      34.9      31.8      29.8
### Errors
   0.00660   0.00568   0.00694   0.00980    0.0151    0.0239    0.0446    0.0751
     0.121     0.159     0.179     0.164     0.133     0.116    0.0994    0.0856
    0.0691    0.0653    0.0609    0.0575    0.0522    0.0527    0.0508    0.0468
    0.0483    0.0487    0.0468    0.0424    0.0432    0.0428    0.0391    0.0401
    0.0398    0.0375    0.0346    0.0358    0.0346    0.0314    0.0331    0.0316
    0.0306    0.0282    0.0282    0.0278    0.0252    0.0386
### Intensity (Intensity)
     0.771      1.02      1.59      2.68      5.09      12.1      31.4      80.7
      216.      516.      907. 1.09e+003 1.00e+003      832.      653.      471.
      357.      267.      232.      205.      181.      165.      154.      151.
      146.      142.      137.      130.      121.      115.      110.      102.
      96.5      88.5      81.1      74.7      70.4      66.4      59.2      54.4
      50.1      46.4      44.1      40.0      37.1      34.7
### Errors
   0.00555   0.00476   0.00565   0.00772    0.0106    0.0155    0.0264    0.0423
    0.0694     0.102     0.142     0.156     0.142     0.136     0.120     0.102
    0.0845    0.0770    0.0718    0.0674    0.0602    0.0605    0.0585    0.0549
    0.0570    0.0561    0.0551    0.0510    0.0519    0.0506    0.0469    0.0475
    0.0463    0.0444    0.0403    0.0407    0.0395    0.0364    0.0363    0.0348
    0.0334    0.0305    0.0313    0.0298    0.0272    0.0417
### Intensity (Intensity)
     0.494     0.642     0.971      1.52      2.39      4.15      8.39      17.3
      38.5      88.0      184.      317.      520.      653.      693.      651.
      567.      447.      406.      337.      297.      265.      237.      219.
      195.      188.      185.      179.      169.      168.      162.      156.
      147.      130.      121.      113.      106.      97.2      85.4      77.3
      71.1      61.9      56.5      50.6      47.9      44.0
### Errors
   0.00444   0.00378   0.00441   0.00582   0.00728   0.00911    0.0137    0.0196
    0.0292    0.0419    0.0639    0.0839     0.102     0.120     0.124     0.120
     0.107    0.0997    0.0950    0.0865    0.0770    0.0767    0.0725    0.0662
    0.0658    0.0646    0.0642    0.0599    0.0613    0.0611    0.0569    0.0590
    0.0572    0.0537    0.0492    0.0500    0.0486    0.0441    0.0436    0.0414
    0.0398    0.0352    0.0354    0.0335    0.0310    0.0469
### Intensity (Intensity)
     0.462     0.579     0.874      1.33      2.05      3.43      6.28      12.2
      25.0      53.6      107.      185.      314.      445.      532.      538.
      513.      435.      398.      352.      317.      289.      257.      240.
      225.      211.      210.      205.      198.      194.      189.      187.
      182.      165.      159.      149.      141.      128.      115.      105.
      96.5      84.1      77.4      66.9      59.0      55.3
### Errors
   0.00430   0.00359   0.00418   0.00543   0.00674   0.00828    0.0118    0.0165
    0.0236    0.0328    0.0488    0.0641    0.0793    0.0994     0.109     0.109
     0.101    0.0983    0.0941    0.0884    0.0797    0.0802    0.0756    0.0692
    0.0706    0.0684    0.0683    0.0641    0.0664    0.0656    0.0615    0.0645
    0.0636    0.0605    0.0564    0.0575    0.0560    0.0507    0.0505    0.0484
    0.0463    0.0410    0.0415    0.0386    0.0343    0.0526
### Intensity (Intensity)
     0.382     0.475     0.701      1.01      1.45      2.21      3.42      5.51
      9.35      15.9      27.1      45.3      74.3      116.      168.      212.
      269.      293.      314.      305.      304.      294.      271.      252.
      257.      241.      237.      237.      227.      222.      223.      215.
      216.      220.      209.      204.      210.      192.      184.      177.
      164.      151.      141.      134.      114.      106.
### Errors
   0.00391   0.00325   0.00375   0.00474   0.00568   0.00665   0.00872    0.0111
    0.0144    0.0178    0.0245    0.0317    0.0385    0.0509    0.0612    0.0686
    0.0734    0.0808    0.0835    0.0824    0.0779    0.0808    0.0776    0.0710
    0.0755    0.0732    0.0726    0.0689    0.0710    0.0702    0.0667    0.0690
    0.0693    0.0700    0.0646    0.0674    0.0683    0.0619    0.0639    0.0627
    0.0605    0.0550    0.0559    0.0545    0.0478    0.0728
### Intensity (Intensity)
     0.227     0.291     0.425     0.640     0.922      1.44      2.32      3.55
      5.73      10.0      16.2      24.4      37.5      58.5      84.8      113.
      150.      178.      205.      218.      225.      227.      227.      210.
      209.      204.      201.      208.      209.      211.      221.      219.
      220.      221.      219.      213.      207.      228.      223.      213.
      211.      206.      202.      183.      173.      168.
### Errors
   0.00302   0.00254   0.00291   0.00377   0.00453   0.00536   0.00719   0.00888
    0.0113    0.0141    0.0190    0.0233    0.0274    0.0361    0.0434    0.0500
    0.0548    0.0629    0.0674    0.0695    0.0670    0.0710    0.0711    0.0648
    0.0682    0.0673    0.0668    0.0644    0.0681    0.0685    0.0664    0.0698
    0.0699    0.0700    0.0662    0.0687    0.0678    0.0675    0.0703    0.0687
    0.0685    0.0642    0.0670    0.0638    0.0589    0.0917
### Intensity (Intensity)
     0.200     0.251     0.369     0.540     0.772      1.17      1.79      2.79
      4.46      7.11      11.4      16.6      25.3      38.9      56.0      75.0
      100.      128.      145.      172.      185.      187.      190.      179.
      182.      173.      170.      165.      170.      170.      177.      183.
      191.      195.      195.      204.      203.      212.      213.      222.
      224.      221.      215.      219.      212.      212.
### Errors
   0.00283   0.00236   0.00272   0.00346   0.00414   0.00484   0.00631   0.00788
   0.00995    0.0119    0.0159    0.0192    0.0225    0.0294    0.0353    0.0408
    0.0448    0.0534    0.0568    0.0618    0.0608    0.0644    0.0650    0.0599
    0.0637    0.0620    0.0615    0.0574    0.0615    0.0616    0.0595    0.0637
    0.0651    0.0659    0.0624    0.0673    0.0672    0.0651    0.0688    0.0703
    0.0706    0.0665    0.0691    0.0697    0.0651     0.103
### Intensity (Intensity)
     0.183     0.226     0.327     0.465     0.654     0.950      1.44      2.13
      3.19      5.09      7.83      11.6      17.0      24.0      33.9      44.1
      59.4      73.6      93.1      112.      126.      134.      145.      137.
      138.      138.      133.      132.      131.      128.      136.      138.
      148.      152.      159.      163.      178.      187.      187.      196.
      195.      206.      222.      219.      217.      223.
### Errors
   0.00270   0.00224   0.00256   0.00321   0.00381   0.00436   0.00565   0.00689
   0.00842    0.0101    0.0132    0.0160    0.0184    0.0231    0.0274    0.0313
    0.0345    0.0404    0.0455    0.0498    0.0501    0.0545    0.0568    0.0524
    0.0553    0.0554    0.0543    0.0513    0.0541    0.0533    0.0521    0.0554
    0.0573    0.0581    0.0564    0.0601    0.0628    0.0612    0.0645    0.0659
    0.0659    0.0642    0.0703    0.0698    0.0659     0.106
### Intensity (Intensity)
     0.174     0.210     0.302     0.421     0.571     0.803      1.15      1.69
      2.50      3.78      5.73      8.23      12.0      16.5      22.6      29.3
      38.5      48.7      61.6      73.9      87.7      99.1      106.      110.
      113.      114.      113.      111.      112.      106.      107.      106.
      110.      108.      113.      116.      126.      131.      136.      147.
      152.      163.      169.      180.      181.      198.
### Errors
   0.00264   0.00216   0.00246   0.00306   0.00356   0.00401   0.00506   0.00613
   0.00745   0.00870    0.0113    0.0135    0.0155    0.0191    0.0224    0.0255
    0.0277    0.0329    0.0370    0.0405    0.0419    0.0469    0.0486    0.0469
    0.0501    0.0503    0.0501    0.0471    0.0499    0.0486    0.0462    0.0486
    0.0494    0.0490    0.0475    0.0508    0.0529    0.0512    0.0550    0.0572
    0.0582    0.0570    0.0613    0.0632    0.0601    0.0995
